6.670000000000000000e+02
7.130000000000000000e+02
8.510000000000000000e+02
9.430000000000000000e+02
9.890000000000000000e+02
1.081000000000000000e+03
1.219000000000000000e+03
1.357000000000000000e+03
1.403000000000000000e+03
1.541000000000000000e+03
1.633000000000000000e+03
1.679000000000000000e+03
1.817000000000000000e+03
1.909000000000000000e+03
2.047000000000000000e+03
2.231000000000000000e+03
2.323000000000000000e+03
2.369000000000000000e+03
2.461000000000000000e+03
2.507000000000000000e+03
2.599000000000000000e+03
2.921000000000000000e+03
3.013000000000000000e+03
3.151000000000000000e+03
3.197000000000000000e+03
3.427000000000000000e+03
3.473000000000000000e+03
3.611000000000000000e+03
3.749000000000000000e+03
3.841000000000000000e+03
3.979000000000000000e+03
4.117000000000000000e+03
4.163000000000000000e+03
4.393000000000000000e+03
4.439000000000000000e+03
4.531000000000000000e+03
4.577000000000000000e+03
4.853000000000000000e+03
5.129000000000000000e+03
5.221000000000000000e+03
5.267000000000000000e+03
5.359000000000000000e+03
5.497000000000000000e+03
5.543000000000000000e+03
5.773000000000000000e+03
5.911000000000000000e+03
6.049000000000000000e+03
6.187000000000000000e+03
6.233000000000000000e+03
6.371000000000000000e+03
6.463000000000000000e+03
6.509000000000000000e+03
6.739000000000000000e+03
7.061000000000000000e+03
7.153000000000000000e+03
7.199000000000000000e+03
7.291000000000000000e+03
7.613000000000000000e+03
8.990000000000000000e+02
1.073000000000000000e+03
1.189000000000000000e+03
1.247000000000000000e+03
1.363000000000000000e+03
1.537000000000000000e+03
1.711000000000000000e+03
1.769000000000000000e+03
1.943000000000000000e+03
2.059000000000000000e+03
2.117000000000000000e+03
2.291000000000000000e+03
2.407000000000000000e+03
2.581000000000000000e+03
2.813000000000000000e+03
2.929000000000000000e+03
2.987000000000000000e+03
3.103000000000000000e+03
3.161000000000000000e+03
3.277000000000000000e+03
3.683000000000000000e+03
3.799000000000000000e+03
3.973000000000000000e+03
4.031000000000000000e+03
4.321000000000000000e+03
4.379000000000000000e+03
4.553000000000000000e+03
4.727000000000000000e+03
4.843000000000000000e+03
5.017000000000000000e+03
5.191000000000000000e+03
5.249000000000000000e+03
5.539000000000000000e+03
5.597000000000000000e+03
5.713000000000000000e+03
5.771000000000000000e+03
6.119000000000000000e+03
6.467000000000000000e+03
6.583000000000000000e+03
6.641000000000000000e+03
6.757000000000000000e+03
6.931000000000000000e+03
6.989000000000000000e+03
7.279000000000000000e+03
7.453000000000000000e+03
7.627000000000000000e+03
7.801000000000000000e+03
7.859000000000000000e+03
8.033000000000000000e+03
8.149000000000000000e+03
8.207000000000000000e+03
8.497000000000000000e+03
8.903000000000000000e+03
9.019000000000000000e+03
9.077000000000000000e+03
9.193000000000000000e+03
9.599000000000000000e+03
1.147000000000000000e+03
1.271000000000000000e+03
1.333000000000000000e+03
1.457000000000000000e+03
1.643000000000000000e+03
1.829000000000000000e+03
1.891000000000000000e+03
2.077000000000000000e+03
2.201000000000000000e+03
2.263000000000000000e+03
2.449000000000000000e+03
2.573000000000000000e+03
2.759000000000000000e+03
3.007000000000000000e+03
3.131000000000000000e+03
3.193000000000000000e+03
3.317000000000000000e+03
3.379000000000000000e+03
3.503000000000000000e+03
3.937000000000000000e+03
4.061000000000000000e+03
4.247000000000000000e+03
4.309000000000000000e+03
4.619000000000000000e+03
4.681000000000000000e+03
4.867000000000000000e+03
5.053000000000000000e+03
5.177000000000000000e+03
5.363000000000000000e+03
5.549000000000000000e+03
5.611000000000000000e+03
5.921000000000000000e+03
5.983000000000000000e+03
6.107000000000000000e+03
6.169000000000000000e+03
6.541000000000000000e+03
6.913000000000000000e+03
7.037000000000000000e+03
7.099000000000000000e+03
7.223000000000000000e+03
7.409000000000000000e+03
7.471000000000000000e+03
7.781000000000000000e+03
7.967000000000000000e+03
8.153000000000000000e+03
8.339000000000000000e+03
8.401000000000000000e+03
8.587000000000000000e+03
8.711000000000000000e+03
8.773000000000000000e+03
9.083000000000000000e+03
9.517000000000000000e+03
9.641000000000000000e+03
9.703000000000000000e+03
9.827000000000000000e+03
1.026100000000000000e+04
1.517000000000000000e+03
1.591000000000000000e+03
1.739000000000000000e+03
1.961000000000000000e+03
2.183000000000000000e+03
2.257000000000000000e+03
2.479000000000000000e+03
2.627000000000000000e+03
2.701000000000000000e+03
2.923000000000000000e+03
3.071000000000000000e+03
3.293000000000000000e+03
3.589000000000000000e+03
3.737000000000000000e+03
3.811000000000000000e+03
3.959000000000000000e+03
4.033000000000000000e+03
4.181000000000000000e+03
4.699000000000000000e+03
4.847000000000000000e+03
5.069000000000000000e+03
5.143000000000000000e+03
5.513000000000000000e+03
5.587000000000000000e+03
5.809000000000000000e+03
6.031000000000000000e+03
6.179000000000000000e+03
6.401000000000000000e+03
6.623000000000000000e+03
6.697000000000000000e+03
7.067000000000000000e+03
7.141000000000000000e+03
7.289000000000000000e+03
7.363000000000000000e+03
7.807000000000000000e+03
8.251000000000000000e+03
8.399000000000000000e+03
8.473000000000000000e+03
8.621000000000000000e+03
8.843000000000000000e+03
8.917000000000000000e+03
9.287000000000000000e+03
9.509000000000000000e+03
9.731000000000000000e+03
9.953000000000000000e+03
1.002700000000000000e+04
1.024900000000000000e+04
1.039700000000000000e+04
1.047100000000000000e+04
1.084100000000000000e+04
1.135900000000000000e+04
1.150700000000000000e+04
1.158100000000000000e+04
1.172900000000000000e+04
1.224700000000000000e+04
1.763000000000000000e+03
1.927000000000000000e+03
2.173000000000000000e+03
2.419000000000000000e+03
2.501000000000000000e+03
2.747000000000000000e+03
2.911000000000000000e+03
2.993000000000000000e+03
3.239000000000000000e+03
3.403000000000000000e+03
3.649000000000000000e+03
3.977000000000000000e+03
4.141000000000000000e+03
4.223000000000000000e+03
4.387000000000000000e+03
4.469000000000000000e+03
4.633000000000000000e+03
5.207000000000000000e+03
5.371000000000000000e+03
5.617000000000000000e+03
5.699000000000000000e+03
6.109000000000000000e+03
6.191000000000000000e+03
6.437000000000000000e+03
6.683000000000000000e+03
6.847000000000000000e+03
7.093000000000000000e+03
7.339000000000000000e+03
7.421000000000000000e+03
7.831000000000000000e+03
7.913000000000000000e+03
8.077000000000000000e+03
8.159000000000000000e+03
8.651000000000000000e+03
9.143000000000000000e+03
9.307000000000000000e+03
9.389000000000000000e+03
9.553000000000000000e+03
9.799000000000000000e+03
9.881000000000000000e+03
1.029100000000000000e+04
1.053700000000000000e+04
1.078300000000000000e+04
1.102900000000000000e+04
1.111100000000000000e+04
1.135700000000000000e+04
1.152100000000000000e+04
1.160300000000000000e+04
1.201300000000000000e+04
1.258700000000000000e+04
1.275100000000000000e+04
1.283300000000000000e+04
1.299700000000000000e+04
1.357100000000000000e+04
2.021000000000000000e+03
2.279000000000000000e+03
2.537000000000000000e+03
2.623000000000000000e+03
2.881000000000000000e+03
3.053000000000000000e+03
3.139000000000000000e+03
3.397000000000000000e+03
3.569000000000000000e+03
3.827000000000000000e+03
4.171000000000000000e+03
4.343000000000000000e+03
4.429000000000000000e+03
4.601000000000000000e+03
4.687000000000000000e+03
4.859000000000000000e+03
5.461000000000000000e+03
5.633000000000000000e+03
5.891000000000000000e+03
5.977000000000000000e+03
6.407000000000000000e+03
6.493000000000000000e+03
6.751000000000000000e+03
7.009000000000000000e+03
7.181000000000000000e+03
7.439000000000000000e+03
7.697000000000000000e+03
7.783000000000000000e+03
8.213000000000000000e+03
8.299000000000000000e+03
8.471000000000000000e+03
8.557000000000000000e+03
9.073000000000000000e+03
9.589000000000000000e+03
9.761000000000000000e+03
9.847000000000000000e+03
1.001900000000000000e+04
1.027700000000000000e+04
1.036300000000000000e+04
1.079300000000000000e+04
1.105100000000000000e+04
1.130900000000000000e+04
1.156700000000000000e+04
1.165300000000000000e+04
1.191100000000000000e+04
1.208300000000000000e+04
1.216900000000000000e+04
1.259900000000000000e+04
1.320100000000000000e+04
1.337300000000000000e+04
1.345900000000000000e+04
1.363100000000000000e+04
1.423300000000000000e+04
2.491000000000000000e+03
2.773000000000000000e+03
2.867000000000000000e+03
3.149000000000000000e+03
3.337000000000000000e+03
3.431000000000000000e+03
3.713000000000000000e+03
3.901000000000000000e+03
4.183000000000000000e+03
4.559000000000000000e+03
4.747000000000000000e+03
4.841000000000000000e+03
5.029000000000000000e+03
5.123000000000000000e+03
5.311000000000000000e+03
5.969000000000000000e+03
6.157000000000000000e+03
6.439000000000000000e+03
6.533000000000000000e+03
7.003000000000000000e+03
7.097000000000000000e+03
7.379000000000000000e+03
7.661000000000000000e+03
7.849000000000000000e+03
8.131000000000000000e+03
8.413000000000000000e+03
8.507000000000000000e+03
8.977000000000000000e+03
9.071000000000000000e+03
9.259000000000000000e+03
9.353000000000000000e+03
9.917000000000000000e+03
1.048100000000000000e+04
1.066900000000000000e+04
1.076300000000000000e+04
1.095100000000000000e+04
1.123300000000000000e+04
1.132700000000000000e+04
1.179700000000000000e+04
1.207900000000000000e+04
1.236100000000000000e+04
1.264300000000000000e+04
1.273700000000000000e+04
1.301900000000000000e+04
1.320700000000000000e+04
1.330100000000000000e+04
1.377100000000000000e+04
1.442900000000000000e+04
1.461700000000000000e+04
1.471100000000000000e+04
1.489900000000000000e+04
1.555700000000000000e+04
3.127000000000000000e+03
3.233000000000000000e+03
3.551000000000000000e+03
3.763000000000000000e+03
3.869000000000000000e+03
4.187000000000000000e+03
4.399000000000000000e+03
4.717000000000000000e+03
5.141000000000000000e+03
5.353000000000000000e+03
5.459000000000000000e+03
5.671000000000000000e+03
5.777000000000000000e+03
5.989000000000000000e+03
6.731000000000000000e+03
6.943000000000000000e+03
7.261000000000000000e+03
7.367000000000000000e+03
7.897000000000000000e+03
8.003000000000000000e+03
8.321000000000000000e+03
8.639000000000000000e+03
8.851000000000000000e+03
9.169000000000000000e+03
9.487000000000000000e+03
9.593000000000000000e+03
1.012300000000000000e+04
1.022900000000000000e+04
1.044100000000000000e+04
1.054700000000000000e+04
1.118300000000000000e+04
1.181900000000000000e+04
1.203100000000000000e+04
1.213700000000000000e+04
1.234900000000000000e+04
1.266700000000000000e+04
1.277300000000000000e+04
1.330300000000000000e+04
1.362100000000000000e+04
1.393900000000000000e+04
1.425700000000000000e+04
1.436300000000000000e+04
1.468100000000000000e+04
1.489300000000000000e+04
1.499900000000000000e+04
1.552900000000000000e+04
1.627100000000000000e+04
1.648300000000000000e+04
1.658900000000000000e+04
1.680100000000000000e+04
1.754300000000000000e+04
3.599000000000000000e+03
3.953000000000000000e+03
4.189000000000000000e+03
4.307000000000000000e+03
4.661000000000000000e+03
4.897000000000000000e+03
5.251000000000000000e+03
5.723000000000000000e+03
5.959000000000000000e+03
6.077000000000000000e+03
6.313000000000000000e+03
6.431000000000000000e+03
6.667000000000000000e+03
7.493000000000000000e+03
7.729000000000000000e+03
8.083000000000000000e+03
8.201000000000000000e+03
8.791000000000000000e+03
8.909000000000000000e+03
9.263000000000000000e+03
9.617000000000000000e+03
9.853000000000000000e+03
1.020700000000000000e+04
1.056100000000000000e+04
1.067900000000000000e+04
1.126900000000000000e+04
1.138700000000000000e+04
1.162300000000000000e+04
1.174100000000000000e+04
1.244900000000000000e+04
1.315700000000000000e+04
1.339300000000000000e+04
1.351100000000000000e+04
1.374700000000000000e+04
1.410100000000000000e+04
1.421900000000000000e+04
1.480900000000000000e+04
1.516300000000000000e+04
1.551700000000000000e+04
1.587100000000000000e+04
1.598900000000000000e+04
1.634300000000000000e+04
1.657900000000000000e+04
1.669700000000000000e+04
1.728700000000000000e+04
1.811300000000000000e+04
1.834900000000000000e+04
1.846700000000000000e+04
1.870300000000000000e+04
1.952900000000000000e+04
4.087000000000000000e+03
4.331000000000000000e+03
4.453000000000000000e+03
4.819000000000000000e+03
5.063000000000000000e+03
5.429000000000000000e+03
5.917000000000000000e+03
6.161000000000000000e+03
6.283000000000000000e+03
6.527000000000000000e+03
6.649000000000000000e+03
6.893000000000000000e+03
7.747000000000000000e+03
7.991000000000000000e+03
8.357000000000000000e+03
8.479000000000000000e+03
9.089000000000000000e+03
9.211000000000000000e+03
9.577000000000000000e+03
9.943000000000000000e+03
1.018700000000000000e+04
1.055300000000000000e+04
1.091900000000000000e+04
1.104100000000000000e+04
1.165100000000000000e+04
1.177300000000000000e+04
1.201700000000000000e+04
1.213900000000000000e+04
1.287100000000000000e+04
1.360300000000000000e+04
1.384700000000000000e+04
1.396900000000000000e+04
1.421300000000000000e+04
1.457900000000000000e+04
1.470100000000000000e+04
1.531100000000000000e+04
1.567700000000000000e+04
1.604300000000000000e+04
1.640900000000000000e+04
1.653100000000000000e+04
1.689700000000000000e+04
1.714100000000000000e+04
1.726300000000000000e+04
1.787300000000000000e+04
1.872700000000000000e+04
1.897100000000000000e+04
1.909300000000000000e+04
1.933700000000000000e+04
2.019100000000000000e+04
4.757000000000000000e+03
4.891000000000000000e+03
5.293000000000000000e+03
5.561000000000000000e+03
5.963000000000000000e+03
6.499000000000000000e+03
6.767000000000000000e+03
6.901000000000000000e+03
7.169000000000000000e+03
7.303000000000000000e+03
7.571000000000000000e+03
8.509000000000000000e+03
8.777000000000000000e+03
9.179000000000000000e+03
9.313000000000000000e+03
9.983000000000000000e+03
1.011700000000000000e+04
1.051900000000000000e+04
1.092100000000000000e+04
1.118900000000000000e+04
1.159100000000000000e+04
1.199300000000000000e+04
1.212700000000000000e+04
1.279700000000000000e+04
1.293100000000000000e+04
1.319900000000000000e+04
1.333300000000000000e+04
1.413700000000000000e+04
1.494100000000000000e+04
1.520900000000000000e+04
1.534300000000000000e+04
1.561100000000000000e+04
1.601300000000000000e+04
1.614700000000000000e+04
1.681700000000000000e+04
1.721900000000000000e+04
1.762100000000000000e+04
1.802300000000000000e+04
1.815700000000000000e+04
1.855900000000000000e+04
1.882700000000000000e+04
1.896100000000000000e+04
1.963100000000000000e+04
2.056900000000000000e+04
2.083700000000000000e+04
2.097100000000000000e+04
2.123900000000000000e+04
2.217700000000000000e+04
5.183000000000000000e+03
5.609000000000000000e+03
5.893000000000000000e+03
6.319000000000000000e+03
6.887000000000000000e+03
7.171000000000000000e+03
7.313000000000000000e+03
7.597000000000000000e+03
7.739000000000000000e+03
8.023000000000000000e+03
9.017000000000000000e+03
9.301000000000000000e+03
9.727000000000000000e+03
9.869000000000000000e+03
1.057900000000000000e+04
1.072100000000000000e+04
1.114700000000000000e+04
1.157300000000000000e+04
1.185700000000000000e+04
1.228300000000000000e+04
1.270900000000000000e+04
1.285100000000000000e+04
1.356100000000000000e+04
1.370300000000000000e+04
1.398700000000000000e+04
1.412900000000000000e+04
1.498100000000000000e+04
1.583300000000000000e+04
1.611700000000000000e+04
1.625900000000000000e+04
1.654300000000000000e+04
1.696900000000000000e+04
1.711100000000000000e+04
1.782100000000000000e+04
1.824700000000000000e+04
1.867300000000000000e+04
1.909900000000000000e+04
1.924100000000000000e+04
1.966700000000000000e+04
1.995100000000000000e+04
2.009300000000000000e+04
2.080300000000000000e+04
2.179700000000000000e+04
2.208100000000000000e+04
2.222300000000000000e+04
2.250700000000000000e+04
2.350100000000000000e+04
5.767000000000000000e+03
6.059000000000000000e+03
6.497000000000000000e+03
7.081000000000000000e+03
7.373000000000000000e+03
7.519000000000000000e+03
7.811000000000000000e+03
7.957000000000000000e+03
8.249000000000000000e+03
9.271000000000000000e+03
9.563000000000000000e+03
1.000100000000000000e+04
1.014700000000000000e+04
1.087700000000000000e+04
1.102300000000000000e+04
1.146100000000000000e+04
1.189900000000000000e+04
1.219100000000000000e+04
1.262900000000000000e+04
1.306700000000000000e+04
1.321300000000000000e+04
1.394300000000000000e+04
1.408900000000000000e+04
1.438100000000000000e+04
1.452700000000000000e+04
1.540300000000000000e+04
1.627900000000000000e+04
1.657100000000000000e+04
1.671700000000000000e+04
1.700900000000000000e+04
1.744700000000000000e+04
1.759300000000000000e+04
1.832300000000000000e+04
1.876100000000000000e+04
1.919900000000000000e+04
1.963700000000000000e+04
1.978300000000000000e+04
2.022100000000000000e+04
2.051300000000000000e+04
2.065900000000000000e+04
2.138900000000000000e+04
2.241100000000000000e+04
2.270300000000000000e+04
2.284900000000000000e+04
2.314100000000000000e+04
2.416300000000000000e+04
6.557000000000000000e+03
7.031000000000000000e+03
7.663000000000000000e+03
7.979000000000000000e+03
8.137000000000000000e+03
8.453000000000000000e+03
8.611000000000000000e+03
8.927000000000000000e+03
1.003300000000000000e+04
1.034900000000000000e+04
1.082300000000000000e+04
1.098100000000000000e+04
1.177100000000000000e+04
1.192900000000000000e+04
1.240300000000000000e+04
1.287700000000000000e+04
1.319300000000000000e+04
1.366700000000000000e+04
1.414100000000000000e+04
1.429900000000000000e+04
1.508900000000000000e+04
1.524700000000000000e+04
1.556300000000000000e+04
1.572100000000000000e+04
1.666900000000000000e+04
1.761700000000000000e+04
1.793300000000000000e+04
1.809100000000000000e+04
1.840700000000000000e+04
1.888100000000000000e+04
1.903900000000000000e+04
1.982900000000000000e+04
2.030300000000000000e+04
2.077700000000000000e+04
2.125100000000000000e+04
2.140900000000000000e+04
2.188300000000000000e+04
2.219900000000000000e+04
2.235700000000000000e+04
2.314700000000000000e+04
2.425300000000000000e+04
2.456900000000000000e+04
2.472700000000000000e+04
2.504300000000000000e+04
2.614900000000000000e+04
7.387000000000000000e+03
8.051000000000000000e+03
8.383000000000000000e+03
8.549000000000000000e+03
8.881000000000000000e+03
9.047000000000000000e+03
9.379000000000000000e+03
1.054100000000000000e+04
1.087300000000000000e+04
1.137100000000000000e+04
1.153700000000000000e+04
1.236700000000000000e+04
1.253300000000000000e+04
1.303100000000000000e+04
1.352900000000000000e+04
1.386100000000000000e+04
1.435900000000000000e+04
1.485700000000000000e+04
1.502300000000000000e+04
1.585300000000000000e+04
1.601900000000000000e+04
1.635100000000000000e+04
1.651700000000000000e+04
1.751300000000000000e+04
1.850900000000000000e+04
1.884100000000000000e+04
1.900700000000000000e+04
1.933900000000000000e+04
1.983700000000000000e+04
2.000300000000000000e+04
2.083300000000000000e+04
2.133100000000000000e+04
2.182900000000000000e+04
2.232700000000000000e+04
2.249300000000000000e+04
2.299100000000000000e+04
2.332300000000000000e+04
2.348900000000000000e+04
2.431900000000000000e+04
2.548100000000000000e+04
2.581300000000000000e+04
2.597900000000000000e+04
2.631100000000000000e+04
2.747300000000000000e+04
8.633000000000000000e+03
8.989000000000000000e+03
9.167000000000000000e+03
9.523000000000000000e+03
9.701000000000000000e+03
1.005700000000000000e+04
1.130300000000000000e+04
1.165900000000000000e+04
1.219300000000000000e+04
1.237100000000000000e+04
1.326100000000000000e+04
1.343900000000000000e+04
1.397300000000000000e+04
1.450700000000000000e+04
1.486300000000000000e+04
1.539700000000000000e+04
1.593100000000000000e+04
1.610900000000000000e+04
1.699900000000000000e+04
1.717700000000000000e+04
1.753300000000000000e+04
1.771100000000000000e+04
1.877900000000000000e+04
1.984700000000000000e+04
2.020300000000000000e+04
2.038100000000000000e+04
2.073700000000000000e+04
2.127100000000000000e+04
2.144900000000000000e+04
2.233900000000000000e+04
2.287300000000000000e+04
2.340700000000000000e+04
2.394100000000000000e+04
2.411900000000000000e+04
2.465300000000000000e+04
2.500900000000000000e+04
2.518700000000000000e+04
2.607700000000000000e+04
2.732300000000000000e+04
2.767900000000000000e+04
2.785700000000000000e+04
2.821300000000000000e+04
2.945900000000000000e+04
9.797000000000000000e+03
9.991000000000000000e+03
1.037900000000000000e+04
1.057300000000000000e+04
1.096100000000000000e+04
1.231900000000000000e+04
1.270700000000000000e+04
1.328900000000000000e+04
1.348300000000000000e+04
1.445300000000000000e+04
1.464700000000000000e+04
1.522900000000000000e+04
1.581100000000000000e+04
1.619900000000000000e+04
1.678100000000000000e+04
1.736300000000000000e+04
1.755700000000000000e+04
1.852700000000000000e+04
1.872100000000000000e+04
1.910900000000000000e+04
1.930300000000000000e+04
2.046700000000000000e+04
2.163100000000000000e+04
2.201900000000000000e+04
2.221300000000000000e+04
2.260100000000000000e+04
2.318300000000000000e+04
2.337700000000000000e+04
2.434700000000000000e+04
2.492900000000000000e+04
2.551100000000000000e+04
2.609300000000000000e+04
2.628700000000000000e+04
2.686900000000000000e+04
2.725700000000000000e+04
2.745100000000000000e+04
2.842100000000000000e+04
2.977900000000000000e+04
3.016700000000000000e+04
3.036100000000000000e+04
3.074900000000000000e+04
3.210700000000000000e+04
1.040300000000000000e+04
1.080700000000000000e+04
1.100900000000000000e+04
1.141300000000000000e+04
1.282700000000000000e+04
1.323100000000000000e+04
1.383700000000000000e+04
1.403900000000000000e+04
1.504900000000000000e+04
1.525100000000000000e+04
1.585700000000000000e+04
1.646300000000000000e+04
1.686700000000000000e+04
1.747300000000000000e+04
1.807900000000000000e+04
1.828100000000000000e+04
1.929100000000000000e+04
1.949300000000000000e+04
1.989700000000000000e+04
2.009900000000000000e+04
2.131100000000000000e+04
2.252300000000000000e+04
2.292700000000000000e+04
2.312900000000000000e+04
2.353300000000000000e+04
2.413900000000000000e+04
2.434100000000000000e+04
2.535100000000000000e+04
2.595700000000000000e+04
2.656300000000000000e+04
2.716900000000000000e+04
2.737100000000000000e+04
2.797700000000000000e+04
2.838100000000000000e+04
2.858300000000000000e+04
2.959300000000000000e+04
3.100700000000000000e+04
3.141100000000000000e+04
3.161300000000000000e+04
3.201700000000000000e+04
3.343100000000000000e+04
1.102100000000000000e+04
1.122700000000000000e+04
1.163900000000000000e+04
1.308100000000000000e+04
1.349300000000000000e+04
1.411100000000000000e+04
1.431700000000000000e+04
1.534700000000000000e+04
1.555300000000000000e+04
1.617100000000000000e+04
1.678900000000000000e+04
1.720100000000000000e+04
1.781900000000000000e+04
1.843700000000000000e+04
1.864300000000000000e+04
1.967300000000000000e+04
1.987900000000000000e+04
2.029100000000000000e+04
2.049700000000000000e+04
2.173300000000000000e+04
2.296900000000000000e+04
2.338100000000000000e+04
2.358700000000000000e+04
2.399900000000000000e+04
2.461700000000000000e+04
2.482300000000000000e+04
2.585300000000000000e+04
2.647100000000000000e+04
2.708900000000000000e+04
2.770700000000000000e+04
2.791300000000000000e+04
2.853100000000000000e+04
2.894300000000000000e+04
2.914900000000000000e+04
3.017900000000000000e+04
3.162100000000000000e+04
3.203300000000000000e+04
3.223900000000000000e+04
3.265100000000000000e+04
3.409300000000000000e+04
1.166300000000000000e+04
1.209100000000000000e+04
1.358900000000000000e+04
1.401700000000000000e+04
1.465900000000000000e+04
1.487300000000000000e+04
1.594300000000000000e+04
1.615700000000000000e+04
1.679900000000000000e+04
1.744100000000000000e+04
1.786900000000000000e+04
1.851100000000000000e+04
1.915300000000000000e+04
1.936700000000000000e+04
2.043700000000000000e+04
2.065100000000000000e+04
2.107900000000000000e+04
2.129300000000000000e+04
2.257700000000000000e+04
2.386100000000000000e+04
2.428900000000000000e+04
2.450300000000000000e+04
2.493100000000000000e+04
2.557300000000000000e+04
2.578700000000000000e+04
2.685700000000000000e+04
2.749900000000000000e+04
2.814100000000000000e+04
2.878300000000000000e+04
2.899700000000000000e+04
2.963900000000000000e+04
3.006700000000000000e+04
3.028100000000000000e+04
3.135100000000000000e+04
3.284900000000000000e+04
3.327700000000000000e+04
3.349100000000000000e+04
3.391900000000000000e+04
3.541700000000000000e+04
1.231700000000000000e+04
1.384300000000000000e+04
1.427900000000000000e+04
1.493300000000000000e+04
1.515100000000000000e+04
1.624100000000000000e+04
1.645900000000000000e+04
1.711300000000000000e+04
1.776700000000000000e+04
1.820300000000000000e+04
1.885700000000000000e+04
1.951100000000000000e+04
1.972900000000000000e+04
2.081900000000000000e+04
2.103700000000000000e+04
2.147300000000000000e+04
2.169100000000000000e+04
2.299900000000000000e+04
2.430700000000000000e+04
2.474300000000000000e+04
2.496100000000000000e+04
2.539700000000000000e+04
2.605100000000000000e+04
2.626900000000000000e+04
2.735900000000000000e+04
2.801300000000000000e+04
2.866700000000000000e+04
2.932100000000000000e+04
2.953900000000000000e+04
3.019300000000000000e+04
3.062900000000000000e+04
3.084700000000000000e+04
3.193700000000000000e+04
3.346300000000000000e+04
3.389900000000000000e+04
3.411700000000000000e+04
3.455300000000000000e+04
3.607900000000000000e+04
1.435100000000000000e+04
1.480300000000000000e+04
1.548100000000000000e+04
1.570700000000000000e+04
1.683700000000000000e+04
1.706300000000000000e+04
1.774100000000000000e+04
1.841900000000000000e+04
1.887100000000000000e+04
1.954900000000000000e+04
2.022700000000000000e+04
2.045300000000000000e+04
2.158300000000000000e+04
2.180900000000000000e+04
2.226100000000000000e+04
2.248700000000000000e+04
2.384300000000000000e+04
2.519900000000000000e+04
2.565100000000000000e+04
2.587700000000000000e+04
2.632900000000000000e+04
2.700700000000000000e+04
2.723300000000000000e+04
2.836300000000000000e+04
2.904100000000000000e+04
2.971900000000000000e+04
3.039700000000000000e+04
3.062300000000000000e+04
3.130100000000000000e+04
3.175300000000000000e+04
3.197900000000000000e+04
3.310900000000000000e+04
3.469100000000000000e+04
3.514300000000000000e+04
3.536900000000000000e+04
3.582100000000000000e+04
3.740300000000000000e+04
1.663700000000000000e+04
1.739900000000000000e+04
1.765300000000000000e+04
1.892300000000000000e+04
1.917700000000000000e+04
1.993900000000000000e+04
2.070100000000000000e+04
2.120900000000000000e+04
2.197100000000000000e+04
2.273300000000000000e+04
2.298700000000000000e+04
2.425700000000000000e+04
2.451100000000000000e+04
2.501900000000000000e+04
2.527300000000000000e+04
2.679700000000000000e+04
2.832100000000000000e+04
2.882900000000000000e+04
2.908300000000000000e+04
2.959100000000000000e+04
3.035300000000000000e+04
3.060700000000000000e+04
3.187700000000000000e+04
3.263900000000000000e+04
3.340100000000000000e+04
3.416300000000000000e+04
3.441700000000000000e+04
3.517900000000000000e+04
3.568700000000000000e+04
3.594100000000000000e+04
3.721100000000000000e+04
3.898900000000000000e+04
3.949700000000000000e+04
3.975100000000000000e+04
4.025900000000000000e+04
4.203700000000000000e+04
1.794700000000000000e+04
1.820900000000000000e+04
1.951900000000000000e+04
1.978100000000000000e+04
2.056700000000000000e+04
2.135300000000000000e+04
2.187700000000000000e+04
2.266300000000000000e+04
2.344900000000000000e+04
2.371100000000000000e+04
2.502100000000000000e+04
2.528300000000000000e+04
2.580700000000000000e+04
2.606900000000000000e+04
2.764100000000000000e+04
2.921300000000000000e+04
2.973700000000000000e+04
2.999900000000000000e+04
3.052300000000000000e+04
3.130900000000000000e+04
3.157100000000000000e+04
3.288100000000000000e+04
3.366700000000000000e+04
3.445300000000000000e+04
3.523900000000000000e+04
3.550100000000000000e+04
3.628700000000000000e+04
3.681100000000000000e+04
3.707300000000000000e+04
3.838300000000000000e+04
4.021700000000000000e+04
4.074100000000000000e+04
4.100300000000000000e+04
4.152700000000000000e+04
4.336100000000000000e+04
1.904300000000000000e+04
2.041300000000000000e+04
2.068700000000000000e+04
2.150900000000000000e+04
2.233100000000000000e+04
2.287900000000000000e+04
2.370100000000000000e+04
2.452300000000000000e+04
2.479700000000000000e+04
2.616700000000000000e+04
2.644100000000000000e+04
2.698900000000000000e+04
2.726300000000000000e+04
2.890700000000000000e+04
3.055100000000000000e+04
3.109900000000000000e+04
3.137300000000000000e+04
3.192100000000000000e+04
3.274300000000000000e+04
3.301700000000000000e+04
3.438700000000000000e+04
3.520900000000000000e+04
3.603100000000000000e+04
3.685300000000000000e+04
3.712700000000000000e+04
3.794900000000000000e+04
3.849700000000000000e+04
3.877100000000000000e+04
4.014100000000000000e+04
4.205900000000000000e+04
4.260700000000000000e+04
4.288100000000000000e+04
4.342900000000000000e+04
4.534700000000000000e+04
2.071100000000000000e+04
2.098900000000000000e+04
2.182300000000000000e+04
2.265700000000000000e+04
2.321300000000000000e+04
2.404700000000000000e+04
2.488100000000000000e+04
2.515900000000000000e+04
2.654900000000000000e+04
2.682700000000000000e+04
2.738300000000000000e+04
2.766100000000000000e+04
2.932900000000000000e+04
3.099700000000000000e+04
3.155300000000000000e+04
3.183100000000000000e+04
3.238700000000000000e+04
3.322100000000000000e+04
3.349900000000000000e+04
3.488900000000000000e+04
3.572300000000000000e+04
3.655700000000000000e+04
3.739100000000000000e+04
3.766900000000000000e+04
3.850300000000000000e+04
3.905900000000000000e+04
3.933700000000000000e+04
4.072700000000000000e+04
4.267300000000000000e+04
4.322900000000000000e+04
4.350700000000000000e+04
4.406300000000000000e+04
4.600900000000000000e+04
2.249900000000000000e+04
2.339300000000000000e+04
2.428700000000000000e+04
2.488300000000000000e+04
2.577700000000000000e+04
2.667100000000000000e+04
2.696900000000000000e+04
2.845900000000000000e+04
2.875700000000000000e+04
2.935300000000000000e+04
2.965100000000000000e+04
3.143900000000000000e+04
3.322700000000000000e+04
3.382300000000000000e+04
3.412100000000000000e+04
3.471700000000000000e+04
3.561100000000000000e+04
3.590900000000000000e+04
3.739900000000000000e+04
3.829300000000000000e+04
3.918700000000000000e+04
4.008100000000000000e+04
4.037900000000000000e+04
4.127300000000000000e+04
4.186900000000000000e+04
4.216700000000000000e+04
4.365700000000000000e+04
4.574300000000000000e+04
4.633900000000000000e+04
4.663700000000000000e+04
4.723300000000000000e+04
4.931900000000000000e+04
2.370700000000000000e+04
2.461300000000000000e+04
2.521700000000000000e+04
2.612300000000000000e+04
2.702900000000000000e+04
2.733100000000000000e+04
2.884100000000000000e+04
2.914300000000000000e+04
2.974700000000000000e+04
3.004900000000000000e+04
3.186100000000000000e+04
3.367300000000000000e+04
3.427700000000000000e+04
3.457900000000000000e+04
3.518300000000000000e+04
3.608900000000000000e+04
3.639100000000000000e+04
3.790100000000000000e+04
3.880700000000000000e+04
3.971300000000000000e+04
4.061900000000000000e+04
4.092100000000000000e+04
4.182700000000000000e+04
4.243100000000000000e+04
4.273300000000000000e+04
4.424300000000000000e+04
4.635700000000000000e+04
4.696100000000000000e+04
4.726300000000000000e+04
4.786700000000000000e+04
4.998100000000000000e+04
2.559100000000000000e+04
2.621900000000000000e+04
2.716100000000000000e+04
2.810300000000000000e+04
2.841700000000000000e+04
2.998700000000000000e+04
3.030100000000000000e+04
3.092900000000000000e+04
3.124300000000000000e+04
3.312700000000000000e+04
3.501100000000000000e+04
3.563900000000000000e+04
3.595300000000000000e+04
3.658100000000000000e+04
3.752300000000000000e+04
3.783700000000000000e+04
3.940700000000000000e+04
4.034900000000000000e+04
4.129100000000000000e+04
4.223300000000000000e+04
4.254700000000000000e+04
4.348900000000000000e+04
4.411700000000000000e+04
4.443100000000000000e+04
4.600100000000000000e+04
4.819900000000000000e+04
4.882700000000000000e+04
4.914100000000000000e+04
4.976900000000000000e+04
5.196700000000000000e+04
2.722100000000000000e+04
2.819900000000000000e+04
2.917700000000000000e+04
2.950300000000000000e+04
3.113300000000000000e+04
3.145900000000000000e+04
3.211100000000000000e+04
3.243700000000000000e+04
3.439300000000000000e+04
3.634900000000000000e+04
3.700100000000000000e+04
3.732700000000000000e+04
3.797900000000000000e+04
3.895700000000000000e+04
3.928300000000000000e+04
4.091300000000000000e+04
4.189100000000000000e+04
4.286900000000000000e+04
4.384700000000000000e+04
4.417300000000000000e+04
4.515100000000000000e+04
4.580300000000000000e+04
4.612900000000000000e+04
4.775900000000000000e+04
5.004100000000000000e+04
5.069300000000000000e+04
5.101900000000000000e+04
5.167100000000000000e+04
5.395300000000000000e+04
2.889100000000000000e+04
2.989300000000000000e+04
3.022700000000000000e+04
3.189700000000000000e+04
3.223100000000000000e+04
3.289900000000000000e+04
3.323300000000000000e+04
3.523700000000000000e+04
3.724100000000000000e+04
3.790900000000000000e+04
3.824300000000000000e+04
3.891100000000000000e+04
3.991300000000000000e+04
4.024700000000000000e+04
4.191700000000000000e+04
4.291900000000000000e+04
4.392100000000000000e+04
4.492300000000000000e+04
4.525700000000000000e+04
4.625900000000000000e+04
4.692700000000000000e+04
4.726100000000000000e+04
4.893100000000000000e+04
5.126900000000000000e+04
5.193700000000000000e+04
5.227100000000000000e+04
5.293900000000000000e+04
5.527700000000000000e+04
3.096700000000000000e+04
3.131300000000000000e+04
3.304300000000000000e+04
3.338900000000000000e+04
3.408100000000000000e+04
3.442700000000000000e+04
3.650300000000000000e+04
3.857900000000000000e+04
3.927100000000000000e+04
3.961700000000000000e+04
4.030900000000000000e+04
4.134700000000000000e+04
4.169300000000000000e+04
4.342300000000000000e+04
4.446100000000000000e+04
4.549900000000000000e+04
4.653700000000000000e+04
4.688300000000000000e+04
4.792100000000000000e+04
4.861300000000000000e+04
4.895900000000000000e+04
5.068900000000000000e+04
5.311100000000000000e+04
5.380300000000000000e+04
5.414900000000000000e+04
5.484100000000000000e+04
5.726300000000000000e+04
3.239900000000000000e+04
3.418900000000000000e+04
3.454700000000000000e+04
3.526300000000000000e+04
3.562100000000000000e+04
3.776900000000000000e+04
3.991700000000000000e+04
4.063300000000000000e+04
4.099100000000000000e+04
4.170700000000000000e+04
4.278100000000000000e+04
4.313900000000000000e+04
4.492900000000000000e+04
4.600300000000000000e+04
4.707700000000000000e+04
4.815100000000000000e+04
4.850900000000000000e+04
4.958300000000000000e+04
5.029900000000000000e+04
5.065700000000000000e+04
5.244700000000000000e+04
5.495300000000000000e+04
5.566900000000000000e+04
5.602700000000000000e+04
5.674300000000000000e+04
5.924900000000000000e+04
3.457100000000000000e+04
3.493300000000000000e+04
3.565700000000000000e+04
3.601900000000000000e+04
3.819100000000000000e+04
4.036300000000000000e+04
4.108700000000000000e+04
4.144900000000000000e+04
4.217300000000000000e+04
4.325900000000000000e+04
4.362100000000000000e+04
4.543100000000000000e+04
4.651700000000000000e+04
4.760300000000000000e+04
4.868900000000000000e+04
4.905100000000000000e+04
5.013700000000000000e+04
5.086100000000000000e+04
5.122300000000000000e+04
5.303300000000000000e+04
5.556700000000000000e+04
5.629100000000000000e+04
5.665300000000000000e+04
5.737700000000000000e+04
5.991100000000000000e+04
3.686300000000000000e+04
3.762700000000000000e+04
3.800900000000000000e+04
4.030100000000000000e+04
4.259300000000000000e+04
4.335700000000000000e+04
4.373900000000000000e+04
4.450300000000000000e+04
4.564900000000000000e+04
4.603100000000000000e+04
4.794100000000000000e+04
4.908700000000000000e+04
5.023300000000000000e+04
5.137900000000000000e+04
5.176100000000000000e+04
5.290700000000000000e+04
5.367100000000000000e+04
5.405300000000000000e+04
5.596300000000000000e+04
5.863700000000000000e+04
5.940100000000000000e+04
5.978300000000000000e+04
6.054700000000000000e+04
6.322100000000000000e+04
3.802100000000000000e+04
3.840700000000000000e+04
4.072300000000000000e+04
4.303900000000000000e+04
4.381100000000000000e+04
4.419700000000000000e+04
4.496900000000000000e+04
4.612700000000000000e+04
4.651300000000000000e+04
4.844300000000000000e+04
4.960100000000000000e+04
5.075900000000000000e+04
5.191700000000000000e+04
5.230300000000000000e+04
5.346100000000000000e+04
5.423300000000000000e+04
5.461900000000000000e+04
5.654900000000000000e+04
5.925100000000000000e+04
6.002300000000000000e+04
6.040900000000000000e+04
6.118100000000000000e+04
6.388300000000000000e+04
3.920300000000000000e+04
4.156700000000000000e+04
4.393100000000000000e+04
4.471900000000000000e+04
4.511300000000000000e+04
4.590100000000000000e+04
4.708300000000000000e+04
4.747700000000000000e+04
4.944700000000000000e+04
5.062900000000000000e+04
5.181100000000000000e+04
5.299300000000000000e+04
5.338700000000000000e+04
5.456900000000000000e+04
5.535700000000000000e+04
5.575100000000000000e+04
5.772100000000000000e+04
6.047900000000000000e+04
6.126700000000000000e+04
6.166100000000000000e+04
6.244900000000000000e+04
6.520700000000000000e+04
4.198900000000000000e+04
4.437700000000000000e+04
4.517300000000000000e+04
4.557100000000000000e+04
4.636700000000000000e+04
4.756100000000000000e+04
4.795900000000000000e+04
4.994900000000000000e+04
5.114300000000000000e+04
5.233700000000000000e+04
5.353100000000000000e+04
5.392900000000000000e+04
5.512300000000000000e+04
5.591900000000000000e+04
5.631700000000000000e+04
5.830700000000000000e+04
6.109300000000000000e+04
6.188900000000000000e+04
6.228700000000000000e+04
6.308300000000000000e+04
6.586900000000000000e+04
4.705300000000000000e+04
4.789700000000000000e+04
4.831900000000000000e+04
4.916300000000000000e+04
5.042900000000000000e+04
5.085100000000000000e+04
5.296100000000000000e+04
5.422700000000000000e+04
5.549300000000000000e+04
5.675900000000000000e+04
5.718100000000000000e+04
5.844700000000000000e+04
5.929100000000000000e+04
5.971300000000000000e+04
6.182300000000000000e+04
6.477700000000000000e+04
6.562100000000000000e+04
6.604300000000000000e+04
6.688700000000000000e+04
6.984100000000000000e+04
5.062100000000000000e+04
5.106700000000000000e+04
5.195900000000000000e+04
5.329700000000000000e+04
5.374300000000000000e+04
5.597300000000000000e+04
5.731100000000000000e+04
5.864900000000000000e+04
5.998700000000000000e+04
6.043300000000000000e+04
6.177100000000000000e+04
6.266300000000000000e+04
6.310900000000000000e+04
6.533900000000000000e+04
6.846100000000000000e+04
6.935300000000000000e+04
6.979900000000000000e+04
7.069100000000000000e+04
7.381300000000000000e+04
5.198300000000000000e+04
5.289100000000000000e+04
5.425300000000000000e+04
5.470700000000000000e+04
5.697700000000000000e+04
5.833900000000000000e+04
5.970100000000000000e+04
6.106300000000000000e+04
6.151700000000000000e+04
6.287900000000000000e+04
6.378700000000000000e+04
6.424100000000000000e+04
6.651100000000000000e+04
6.968900000000000000e+04
7.059700000000000000e+04
7.105100000000000000e+04
7.195900000000000000e+04
7.513700000000000000e+04
5.335700000000000000e+04
5.473100000000000000e+04
5.518900000000000000e+04
5.747900000000000000e+04
5.885300000000000000e+04
6.022700000000000000e+04
6.160100000000000000e+04
6.205900000000000000e+04
6.343300000000000000e+04
6.434900000000000000e+04
6.480700000000000000e+04
6.709700000000000000e+04
7.030300000000000000e+04
7.121900000000000000e+04
7.167700000000000000e+04
7.259300000000000000e+04
7.579900000000000000e+04
5.568700000000000000e+04
5.615300000000000000e+04
5.848300000000000000e+04
5.988100000000000000e+04
6.127900000000000000e+04
6.267700000000000000e+04
6.314300000000000000e+04
6.454100000000000000e+04
6.547300000000000000e+04
6.593900000000000000e+04
6.826900000000000000e+04
7.153100000000000000e+04
7.246300000000000000e+04
7.292900000000000000e+04
7.386100000000000000e+04
7.712300000000000000e+04
5.759900000000000000e+04
5.998900000000000000e+04
6.142300000000000000e+04
6.285700000000000000e+04
6.429100000000000000e+04
6.476900000000000000e+04
6.620300000000000000e+04
6.715900000000000000e+04
6.763700000000000000e+04
7.002700000000000000e+04
7.337300000000000000e+04
7.432900000000000000e+04
7.480700000000000000e+04
7.576300000000000000e+04
7.910900000000000000e+04
6.049100000000000000e+04
6.193700000000000000e+04
6.338300000000000000e+04
6.482900000000000000e+04
6.531100000000000000e+04
6.675700000000000000e+04
6.772100000000000000e+04
6.820300000000000000e+04
7.061300000000000000e+04
7.398700000000000000e+04
7.495100000000000000e+04
7.543300000000000000e+04
7.639700000000000000e+04
7.977100000000000000e+04
6.450700000000000000e+04
6.601300000000000000e+04
6.751900000000000000e+04
6.802100000000000000e+04
6.952700000000000000e+04
7.053100000000000000e+04
7.103300000000000000e+04
7.354300000000000000e+04
7.705700000000000000e+04
7.806100000000000000e+04
7.856300000000000000e+04
7.956700000000000000e+04
8.308100000000000000e+04
6.759100000000000000e+04
6.913300000000000000e+04
6.964700000000000000e+04
7.118900000000000000e+04
7.221700000000000000e+04
7.273100000000000000e+04
7.530100000000000000e+04
7.889900000000000000e+04
7.992700000000000000e+04
8.044100000000000000e+04
8.146900000000000000e+04
8.506700000000000000e+04
7.074700000000000000e+04
7.127300000000000000e+04
7.285100000000000000e+04
7.390300000000000000e+04
7.442900000000000000e+04
7.705900000000000000e+04
8.074100000000000000e+04
8.179300000000000000e+04
8.231900000000000000e+04
8.337100000000000000e+04
8.705300000000000000e+04
7.289900000000000000e+04
7.451300000000000000e+04
7.558900000000000000e+04
7.612700000000000000e+04
7.881700000000000000e+04
8.258300000000000000e+04
8.365900000000000000e+04
8.419700000000000000e+04
8.527300000000000000e+04
8.903900000000000000e+04
7.506700000000000000e+04
7.615100000000000000e+04
7.669300000000000000e+04
7.940300000000000000e+04
8.319700000000000000e+04
8.428100000000000000e+04
8.482300000000000000e+04
8.590700000000000000e+04
8.970100000000000000e+04
7.783700000000000000e+04
7.839100000000000000e+04
8.116100000000000000e+04
8.503900000000000000e+04
8.614700000000000000e+04
8.670100000000000000e+04
8.780900000000000000e+04
9.168700000000000000e+04
7.952300000000000000e+04
8.233300000000000000e+04
8.626700000000000000e+04
8.739100000000000000e+04
8.795300000000000000e+04
8.907700000000000000e+04
9.301100000000000000e+04
8.291900000000000000e+04
8.688100000000000000e+04
8.801300000000000000e+04
8.857900000000000000e+04
8.971100000000000000e+04
9.367300000000000000e+04
8.995100000000000000e+04
9.112300000000000000e+04
9.170900000000000000e+04
9.288100000000000000e+04
9.698300000000000000e+04
9.547700000000000000e+04
9.609100000000000000e+04
9.731900000000000000e+04
1.016170000000000000e+05
9.734300000000000000e+04
9.858700000000000000e+04
1.029410000000000000e+05
9.922100000000000000e+04
1.036030000000000000e+05
1.049270000000000000e+05
